0	153,15	Tau=1	0	158,98	Tau=4						0	24,69	7953	0	17,65
141	125,13		109	136,46							1420	30,1	9056	1103	28,44
282	105,11		217	124,5							2848	32,17	10168	2215	31,33
423	91,91		326	110							4267	33,27	11269	3316	32,88
563	82,56		435	96,21							5694	33,8	12379	4426	33,8
705	75,94		543	84,66							7115	34,23	13480	5527	34,07
845	70,88		652	75,83						Tau=1	8537	34,49	Tau=4	6628	34,39
986	67,42		761	70,74							9965	34,83		7739	34,82
1126	64,47		869	65,36							11383	34,83		8839	35,06
1266	61,58		977	62,89							12810	35,05		9950	35,28
1424	59,58		1108	60,69							14227	34,96		11052	35,39
1565	58,14		1217	58,24							15644	35,38		12155	35,54
1706	56,62		1325	56,14							17068	35,3		13267	35,56
1846	54,99		1433	54,89							18485	35,35		14370	35,71
1986	54,84		1541	53,75							19911	35,27		15481	35,77
2126	53,1		1650	52,68							21329	35,47		16581	35,74
2266	52,58		1758	51,68							22757	35,73		17689	35,89
2406	51,6		1867	50,82							24177	35,69		18791	35,83
2547	50,84		1976	50,2							25598	35,68		19892	35,85
2687	49,79		2085	49,56							27029	35,76		21002	35,93
2844	49,65		2211	48,71							28450	36,04		22102	35,99
2984	48,72		2320	48,02							29879	36,02		23210	36,04
3125	48,33		2428	47,89							31298	36,05		24310	35,98
3265	47,75		2537	47							32717	35,84		25411	36,08
3414	46,03		2654	45,48							34144	35,86		26519	35,97
3554	45,81		2763	44,85							35566	35,71		27620	36,16
3694	45,37		2871	45,11							36996	35,79		28730	36,03
3835	45,11		2979	44,16							38415	35,78			
3975	44,67		3087	44,18							39844	35,69			
4115	45		3196	44,38											
4272	44,47		3322	43,55											
4413	43,89		3430	43,72											
4552	43,73		3539	43,59											
4693	43,8		3647	43,26											
4833	43,43		3755	42,8											
4973	43,17		3864	42,92											
5113	43,04		3972	42,53											
5253	42,8		4081	42,61											
5393	43,28		4189	42,06											
5533	42,19		4298	42,36											
5690	42,54		4424	41,61											
5831	42,24		4532	41,57											
5971	42,13		4640	41,66											
6111	41,83		4748	41,44											
6251	41,63		4857	41,42											
6392	41,53		4964	41,2											
6532	41,3		5073	41,5											
6672	41,13		5182	40,84											
6820	39,5		5299	39,04											
6960	39,41		5408	38,92											
7117	39,49		5534	39											
7258	39,24		5643	38,85											
7398	39,33		5750	38,61											
7539	39,4		5859	39,06											
7680	39,43		5967	38,86											
7819	39,26		6076	39,09											
7960	39,32		6184	38,57											
8100	39,26		6292	38,61											
8241	38,94		6400	38,09											
8381	39		6509	38,39											
8540	39,05		6635	38,58											
8680	38,83		6743	38,4											
8821	39,08		6851	38,35											
8961	38,87		6960	38,47											
9102	38,48		7068	38,38											
9242	38,34		7176	38,04											
9383	38,28		7285	38,27											
9523	38,66		7393	38,06											
9663	37,89		7501	38,32											
9803	38,42		7610	38,02											
9961	38,13		7736	37,75											
10101	38,21		7845	37,55											
10249	36,43		7963	35,91											
10390	36,7		8071	35,81											
10529	36,54		8180	35,85											
10669	36,64		8288	35,92											
10809	36,46		8396	36,04											
10949	36,9		8504	35,85											
11090	36,53		8612	35,85											
11230	36,64		8721	35,97											
11389	36,59		8847	35,78											
11529	36,57		8955	36,06											
11669	36,57		9063	36,27											
11809	36,4		9172	36,07											
11949	36,74		9281	36,27											
12089	36,46		9389	36,23											
12229	35,98		9497	36,29											
12369	36,43		9605	35,96											
12509	36,65		9713	35,99											
12649	36,17		9822	35,91											
12806	36,45		9948	36,1											
12946	36,49		10056	35,64											
13087	36,27		10164	35,61											
13227	36,28		10273	36,21											
13367	36,19		10381	35,78											
13507	35,86		10490	35,75											
13656	34,4		10607	33,82											
13796	34,55		10716	33,59											
13937	34,69		10824	33,83											
14077	34,48		10932	34,01											
14235	34,82		11058	33,84											
14374	34,66		11166	34,29											
14515	34,84		11275	34,38											
14655	34,73		11383	34,16											
14795	34,95		11491	34,37											
14935	35,01		11600	34,15											
15075	35,01		11708	34,54											
15214	34,53		11817	34,44											
15353	34,95		11925	34,15											
15493	34,65		12034	34,67											
15650	35,06		12160	34,5											
15791	35,02		12269	34,18											
15931	35,01		12378	34,47											
16071	34,89		12486	34,42											
16211	34,87		12595	34,25											
16351	35,26		12703	34,6											
16491	34,57		12811	34,1											
16631	34,88		12920	34,55											
16771	34,84		13029	34,31											
16910	34,83		13137	34,45											
17076	33,17		13273	32,55											
17215	32,98		13381	32,83											
17355	33,57		13490	32,62											
17495	33,03		13598	32,55											
17634	33,47		13707	32,61											
17774	33,44		13815	32,85											
17914	33,33		13924	32,79											
18054	33,62		14032	32,71											
18194	33,46		14141	32,9											
18334	33,45		14249	33,03											
18492	33,79		14375	33,01											
18631	33,9		14483	32,95											
18772	33,52		14593	33,04											
18911	33,5		14701	33,07											
19051	33,89		14810	32,95											
19191	34,02		14919	33,12											
19331	33,55		15027	33,27											
19472	33,61		15136	33,07											
19612	33,73		15245	33,16											
19751	33,91		15352	33,14											
19908	33,86		15479	33,08											
20048	33,68		15587	33,14											
20188	33,47		15696	32,85											
20328	33,69		15804	33,46											
20477	32,27		15921	31,7											
20618	32,07		16030	31,37											
20757	32,17		16138	31,53											
20898	32,38		16246	31,62											
21037	32,29		16355	31,71											
21177	32,41		16463	31,82											
21334	32,77		16589	31,61											
21474	32,65		16698	31,75											
21615	32,61		16805	31,93											
21755	32,72		16913	31,85											
21895	32,76		17021	31,76											
22035	32,42		17130	32,11											
22175	32,62		17238	32,17											
22315	32,43		17346	32,2											
22456	32,66		17455	32,12											
22596	32,93		17563	32,07											
22753	32,75		17689	32,51											
22893	32,89		17796	32,11											
23034	33,18		17905	32,13											
23174	32,82		18013	32,15											
23314	32,56		18121	32,23											
23454	33,07		18230	32,53											
23595	32,96		18338	32,58											
23735	32,99		18447	32,62											
23884	31,35		18564	30,65											
24024	31,25		18672	30,29											
24180	31,28		18798	30,55											
24321	31,38		18906	30,85											
24461	31,51		19015	30,79											
24601	31,85		19123	31,05											
24741	31,51		19232	31,11											
24882	31,98		19340	30,91											
25023	31,67		19449	31,27											
25163	31,74		19557	31,21											
25304	31,54		19665	31,27											
25444	31,91		19774	31,05											
25602	32,19		19899	31,04											
25742	31,57		20008	31,38											
25882	31,75		20116	31,3											
26022	32,19		20225	31,44											
26163	31,97		20333	31,49											
26303	32,28		20442	31,43											
26443	31,79		20550	31,54											
26583	31,64		20658	31,4											
26724	32,03		20766	31,42											
26864	32,23		20875	31,38											
27022	31,96		21000	31,37											
27162	32,14		21109	31,59											
27311	30,73		21226	30,35											
27451	30,48		21335	29,62											
27592	30,69		21443	29,75											
27732	30,77		21552	30,04											
27873	30,71		21660	30,15											
28013	30,76		21769	30,29											
28154	30,9		21876	30,11											
28295	31,02		21984	30,26											
28453	31,04		22110	30,32											
28593	31,43		22218	30,34											
28733	31,23		22326	30,22											
28873	31,14		22435	30,52											
29014	31,09		22543	30,71											
29154	31,27		22651	30,34											
29295	30,92		22760	30,61											
29435	31,27		22868	30,83											
29576	31,36		22976	30,5											
29716	30,88		23084	30,77											
29873	31,54		23209	30,41											
30014	31,43		23318	30,96											
30154	31,72		23426	30,69											
30295	31,24		23535	30,92											
30435	31,55		23643	30,83											
30575	31,41		23751	31,15											
30724	30,02		23867	29,43											
30864	29,85		23976	29,33											
31006	30,21		24084	29,18											
31146	29,98		24192	29,29											
31303	30,37		24318	29,66											
31444	30,06		24426	29,47											
31584	30,45		24534	29,65											
31724	30,18		24643	29,63											
31864	30,44		24751	29,71											
32004	30,28		24860	29,68											
32145	30,68		24968	29,67											
32285	30,49		25077	29,92											
32425	30,57		25185	29,81											
32565	30,68		25293	30,2											
32722	30,46		25418	30,28											
32862	30,53		25527	30,2											
33002	30,74		25635	29,8											
33143	30,75		25743	30,15											
33283	30,78		25852	30,07											
33422	30,92		25960	30,17											
33563	30,86		26069	30,21											
33703	30,93		26177	30,68											
33843	31,06		26285	30,54											
33983	31,07		26393	30,32											
34150	29,53		26527	28,69											
34290	29,41		26636	28,64											
34430	29,53		26744	28,66											
34572	29,76		26852	28,87											
34711	29,41		26960	28,91											
34851	29,75		27068	29,24											
34991	29,87		27176	29,02											
35131	30,10		27285	28,99											
35271	30,01		27393	29,15											
35411	30,01		27501	28,88											
35568	30,23		27627	29,38											
35709	29,87		27735	29,29											
35849	29,92		27844	29,51											
35990	30,13		27952	29,37											
36130	30,36		28061	29,59											
36271	30,15		28169	29,7											
36411	30,18		28277	29,64											
36552	30,24		28385	29,68											
36692	30,11		28494	29,6											
36832	30,10		28602	29,74											
36990	30,59		28728	29,71											
37131	30,05		28836	29,96											
37271	30,4		28945	29,99											
37411	30,38		29053	30,14											
37560	29		29170	28,69											
37701	28,92		29279	28,3											
37841	29,26		29388	28,3											
37982	29,13		29496	28,31											
38122	29,10		29604	28,7											
38262	29,26		29713	28,74											
38419	29,12														
38560	29,19														
38700	29,44														
38840	29,41														
38981	29,47														
39120	29,49														
39260	29,47														
39401	29,88														
39541	29,48														
39682	29,71														
39839	29,95														
39979	29,63														
40119	29,92														
40259	29,89														
40400	29,81														
40540	29,82														
40680	29,83														
40820	29,88														
40970	28,8														
41110	28,46														
